7342
7195
7538
9495
6539
6239
9492
5903
5874
5977
7771
5223
6928
6852
4228
11629
6200
8440
3964
11976
9218
12050
11670
10108
7605
7864
8385
3046
8816
11811
11849
12010
4556
7902
6836
7549
10152
6768
12044
8363
9990
5759
4099
5501
7473
5356
5211
7990
9526
11340
10487
6669
3349
8602
7039
4423
11338
10163
5443
8451
11810
8800
8854
11503
6444
7962
3452
11688
6585
11678
10294
9395
4208
5455
8181
7148
11833
11815
4217
9075
10343
11211
6388
5818
9635
9574
6814
10041
7354
6646
7100
5135
12169
8386
9983
5353
5263
11552
8089
10833
11802
10500
8823
5360
5328
7800
5765
5116
5570
5633
10216
4682
4226
5268
3302
4719
11693
8746
8004
3950
3192
12264
8107
7038
8837
10289
6849
10941
12203
5804
12079
12059
11907
9263
8875
6485
6162
9771
6999
10100
4351
6419
5492
7835
7386
6901
3521
5243
3942
10492
5114
9133
7905
5129
10830
6325
3578
10965
10937
7153
8868
4372
7325
11953
10362
8078
11662
9189
4223
10829
12178
5625
6001
6008
10292
7542
3714
5321
10522
8839
5656
7695
5334
6699
7673
4729
4857
8963
6672
11766
11916
7788
7478
8628
8184
10620
4724
6391
6702
7138
11618
6040
5627
6634
7670
11064
3847
11156
8057
12215
8702
7492
12167
7162
5271
5425
9392
5912
7130
5244
5821
7831
6838
11800
9647
5650
5430
12107
8836
9853
8309
4728
3823
7476
5936
5126
11545
12249
4986
12257
4711
7678
6329
11305
8470
9764
4585
3200
5640
11918
6166
5742
11506
3202
7424
9442
6379
10047
8709
8846
4436
9613
8369
11160
8840
11762
9737
7151
5498
11553
4077
6717
5845
8847
5367
9494
7475
4859
7266
11735
11427
10403
8232
12091
7484
6506
5573
3053
9507
11961
9233
5196
8676
12225
5562
12041
10643
5127
7121
6638
7322
8362
6969
11730
4428
7066
8768
6726
9532
7521
9829
5636
3056
4493
8254
3947
3584
11851
10967
3479
5685
5232
5460
5177
5079
7255
9467
4894
11653
3328
10608
5482
9332
11684
6661
6289
6727
4477
6967
9315
7042
9006
9491
10038
11115
5254
11665
8467
7745
9016
3720
9132
3186
11736
4229
6804
7055
5109
5949
8942
12212
9767
9781
11875
7215
3828
6449
7107
4972
3588
12271
8330
11807
10968
11727
9368
6298
8834
8819
11682
5523
6917
4866
8188
10002
6976
7105
4288
9225
9977
4944
8458
11993
8177
6847
5999
6281
4854
11755
12078
7520
8229
12072
6272
3176
7776
5113
4822
10043
7150
6131
9864
12286
9364
5364
5225
9703
9459
9265
7863
8327
9890
6651
5123
11632
3587
9201
5737
8372
9111
8000
7929
12233
7098
5488
11549
8570
11828
8322
7149
5820
4207
9827
5459
5611
11803
8431
9128
10914
5778
6034
5644
3319
6865
5626
11015
4873
8740
11071
8574
9072
5468
7523
9609
4089
9134
10481
7772
5317
10214
12141
9911
4750
3692
7616
12248
12280
9789
8759
12210
6334
12151
5752
8366
3968
5510
4611
7958
10463
9523
9014
11915
5204
4332
11982
9918
9460
3308
5623
7326
6144
5844
6110
9402
12018
10235
8468
4478
6398
6635
8838
6779
12184
4976
8055
9650
11547
6867
7421
8885
7352
5251
6963
7184
5880
6739
8801
8238
6019
2936
8432
12112
3449
12148
3338
7430
11931
5103
12093
3775
9831
9826
7580
6317
6358
6828
6235
8301
6532
8726
5817
8383
7687
12081
5227
10752
4100
10716
8803
7226
11914
7660
4220
9205
6609
11701
8033
2921
12242
10031
5245
6026
9227
4462
10605
11947
4738
4677
11018
7315
3175
8115
5705
11749
6805
6484
4543
6456
7617
7474
7188
4723
6268
10290
12099
7696
10498
4215
7928
9958
7439
8974
3393
7798
4725
9101
9471
11429
12211
7466
9956
7725
6228
8027
7002
9980
9091
7941
5366
3730
12043
5197
10376
10131
5702
9790
8193
4999
10607
9084
11163
11068
5770
5948
5322
6335
11946
6787
7393
10642
3973
5517
4490
11063
10970
9251
12113
4469
5384
7229
7189
11544
9226
6842
7221
6875
3321
11933
8447
4074
4842
5569
8418
3697
5000
6956
6101
6743
7453
9527
9876
4760
6837
3650
8065
9274
9355
5847
6229
7433
4237
6410
8454
10759
8569
4876
6801
11621
5811
10155
5937
6134
8566
10112
10754
5149
7551
4848
7480
10611
11119
11985
7469
8313
10751
12287
5119
5557
3075
10466
4992
6894
9335
6507
7308
7857
8510
5993
11604
5012
3381
8252
7779
5431
8336
7485
8627
3564
5525
6663
3776
4687
7479
9015
2918
6402
8687
4996
9280
6336
10695
6150
3095
6540
10256
12197
7070
6451
10966
7192
10520
5070
12229
10253
5228
6418
8316
10150
6719
7607
8387
9534
6933
3138
9643
8052
8851
6387
6548
6067
5711
6707
4330
7699
11159
7351
4893
10489
7231
7979
6684
4326
12136
9022
9485
8617
4361
6579
10361
4483
10000
7870
4536
10913
7227
6155
2919
8088
9791
4503
5224
11066
7729
4486
12064
4613
7088
10101
8128
11551
7353
6708
6126
8489
4491
5444
6528
8373
4352
3519
7152
4742
7124
9989
5720
7949
4464
8747
4205
7994
8952
12074
11556
11583
8696
6377
6996
4761
4119
10169
10527
7933
3824
12086
6921
6074
9530
6365
8029
5576
6794
5706
3185
11301
10746
4714
9094
9955
4359
5336
11956
5906
8433
8943
9659
5645
8749
3606
10402
9522
10211
5005
10148
6832
5096
5776
8849
8358
12222
6415
9893
5454
11697
9082
11992
8444
7309
5095
12191
11660
8567
8175
7664
10969
10032
3951
11891
7164
5206
12042
7545
5133
11728
4814
3961
4971
3694
10859
5749
5168
3320
7817
3857
3073
7955
7220
11941
5261
9749
7603
9401
8712
7254
9871
4101
8062
6751
8174
11742
9403
8183
11923
3072
4103
5527
11723
3196
6319
11249
8713
12182
6896
8549
10700
8216
12135
5401
11513
4485
10644
11260
10164
7300
9879
7306
4984
7063
11786
11428
9337
5622
4612
7174
7324
6125
11871
8112
12096
10160
4070
7562
8241
10119
6738
10081
4973
6009
11659
8621
9268
3556
8584
6792
7604
6483
11548
6041
5329
11886
10488
8234
6724
7363
11256
6147
6840
7293
5896
9768
9520
7816
9145
12124
4467
3069
7065
7019
10230
7686
5080
4732
8633
10460
7935
11885
2939
9787
12049
6934
4878
11509
10804
9898
9623
5393
7514
6658
11215
11739
8125
11658
5940
8084
5122
6742
11793
11433
10121
5302
9281
4746
5187
4763
5619
12073
5769
7868
7750
12267
5805
5593
5209
3198
8446
4627
5049
10867
7106
7917
3854
6876
7537
7819
4558
7823
5653
5609
3837
4812
4549
5707
5564
4300
5518
5041
9351
5571
9973
5642
11765
11792
11607
5484
10916
6526
11853
11681
3778
7129
4686
6773
6880
7813
9345
5997
5319
6132
3863
11114
7388
3432
4788
6103
6251
10529
7691
3318
9979
8514
5595
8287
6143
8374
10037
9642
10601
5491
9333
9734
6517
10465
5822
7896
2926
11017
10609
8258
4980
12005
7167
7792
6930
10750
10640
8304
6269
7861
5631
5082
5885
11809
5269
9912
6274
11349
7418
9001
6911
12014
5142
4678
11867
11831
9222
7040
7519
4559
9773
4557
6993
3826
11752
9874
5972
7976
11856
6255
12261
8182
4624
3906
6012
3181
11768
10717
10167
5397
3533
8593
6511
7294
6546
9792
4754
9518
10639
2925
11770
9586
7155
9919
7874
4998
9188
11888
4930
4841
7677
6764
11655
5877
10358
7251
5435
7053
9589
7238
6146
8319
10046
7682
8339
4745
9341
6421
8302
8288
12007
12104
6352
4885
5587
6534
6586
10129
8931
8343
4856
8441
6170
9702
12101
5394
9057
7560
10234
5002
7867
7357
8121
6941
7517
6401
5624
7854
7384
7235
11625
3703
7127
3946
11668
6414
5904
6161
11737
5485
7727
4551
10044
5979
8090
5580
11557
7197
7089
12255
6238
8764
9108
3817
6241
9524
12239
7552
8965
9914
8845
4755
7834
11582
9978
12017
5996
6935
5146
9153
7240
9479
8122
7000
6791
10600
8341
7536
3986
8246
5252
12009
5063
4290
5061
10721
10517
8340
8890
8338
7613
12258
10018
3704
11212
5108
6425
3861
6903
3211
12002
7051
4405
7793
4617
4868
10146
6588
7406
7681
10862
5015
5170
10459
4942
3693
9870
4427
8671
10367
3558
11733
9486
7420
7661
4991
5519
7546
9152
10944
9339
4071
4075
6135
7301
4715
7090
9207
6715
7550
6878
6964
11903
10134
11721
8545
11468
11796
6615
11504
3312
6253
4416
10912
11874
12204
11341
3829
4861
10360
6020
6027
10646
6351
11431
7850
7125
7262
12179
8120
5500
9859
10810
5697
5193
5780
9142
7313
6744
7960
5583
5398
11067
7907
8178
7347
7642
11925
9741
3569
5698
3710
7413
6662
4867
6452
5893
4659
10301
8371
7618
11806
7939
5169
4726
5816
12027
12170
9575
3305
5868
12146
8081
5486
5766
7579
6420
9316
6299
8072
4364
7495
3568
6535
7312
10274
3705
5456
3570
8200
6095
8597
5973
10582
4605
3048
7608
3178
8716
4607
6518
11769
8381
9024
4348
5145
5722
5866
10918
6064
10811
8895
7172
3952
4151
4465
5814
7679
6741
7731
12193
4073
3264
7944
7443
12250
9148
5099
4596
6188
7667
7692
9732
11744
10300
6612
9391
8960
8686
5546
6932
6575
3307
6714
4843
7350
7577
5241
9098
7083
9106
9531
5530
8625
9601
7048
9533
5891
11622
10637
11116
10834
9090
11016
9915
8104
9388
6909
7362
5555
10340
7260
11631
6036
3735
8105
4340
6922
9896
6199
5718
4938
9783
9144
3949
10281
4086
9638
12055
6830
8253
3686
8001
5782
5894
6970
3204
5260
11954
3848
6892
11584
6981
4914
9867
6644
8947
11795
5683
3316
4212
6514
4355
8949
11997
5630
10858
4762
8127
6899
7165
11683
6106
5882
6250
7799
9008
7871
11852
5980
8630
10493
9529
7815
9720
10694
11254
7212
12015
9466
9209
7448
6260
12125
6285
5750
9342
12105
7564
5771
5144
9266
11830
7672
4887
7292
4404
4597
6576
6547
12285
6068
8694
11991
4455
7282
5849
2920
9062
3647
9203
5318
3394
3590
3699
7034
12123
5399
4631
7403
5613
11876
7321
6491
3055
6031
7974
8158
6294
7225
9645
5140
10213
8575
5810
7923
9004
6145
3188
7126
6802
11873
12176
12273
6642
6553
10257
6881
11581
3689
6636
4279
8869
3137
7649
8821
8704
6811
8972
6265
6752
8745
7539
7702
6770
11680
7665
6762
9614
6455
6381
11345
7004
11387
6882
4069
2932
12237
11959
8755
3201
8260
9208
10088
4727
11969
12186
5655
7258
9231
6195
8203
6273
6142
6769
11808
6022
7346
4786
8236
9998
7744
6262
5378
9488
7987
10115
8491
4588
7147
10372
6127
11253
4599
11863
7290
8957
8892
7486
8945
11700
5323
7123
10634
5436
5188
5004
6645
9637
5574
3948
11342
8334
9856
7981
8577
8308
11983
4810
10338
3443
5131
10248
9525
6778
7689
6929
7224
5332
9187
4590
9743
4721
4504
7894
7146
5253
10857
10399
6655
11255
5380
8888
9211
5680
9851
11767
8382
8853
4935
9713
6158
4231
5264
7698
5634
10369
5900
8897
7872
8547
4343
8600
7191
6623
5371
7233
6617
10363
7578
7408
7218
9852
9390
7697
10107
8243
10614
7599
4542
8457
5511
5400
7978
3582
9354
5249
9843
12275
4105
7487
7775
5781
4163
9400
11980
12162
8927
8631
10291
5763
7119
10494
11210
10036
7547
5840
7183
4371
8311
7158
8642
5373
5262
3858
9020
4862
6980
7339
12189
8255
6169
5762
7770
10172
7310
5620
7379
12131
11630
3707
8958
3965
9328
8439
7378
4615
10293
5313
4934
8051
12259
5396
6140
5234
5071
5637
11943
5577
8196
12190
8465
4977
8024
5320
10585
5558
5447
6271
6960
6276
8496
6740
6287
9340
5741
10003
4604
6924
3070
6326
3562
7821
11677
6446
4846
9389
5753
10151
7950
7132
2950
5591
3718
6096
7179
6843
11386
11703
6189
9217
3967
5581
5674
8954
6573
7802
7276
6927
4344
9100
7516
8069
11738
10215
6331
11395
12161
4466
3702
7814
8361
7435
10021
9903
4375
11919
10755
6665
5496
5978
6224
7600
8829
10491
5813
9849
10171
7385
4787
6591
11391
3441
6154
10114
7026
8437
7825
12223
7211
7278
8841
8449
12173
5107
5907
7916
9763
11826
4808
9487
6249
10726
10147
11920
7848
12142
4373
5550
7178
10503
6072
6130
6136
6225
6705
10502
11734
5757
10855
10379
7389
8172
5743
3565
5909
9277
6206
7959
7281
9521
11816
4565
12058
7851
4739
7037
8079
10919
6042
4283
8071
4988
9199
10342
12061
9733
7720
8752
7610
11937
11877
10287
4480
8333
9407
3180
4076
7104
8377
9894
10109
7945
3059
5526
5629
8307
9235
9594
4176
8342
5044
8344
8843
10398
8109
4855
3860
6650
4713
3840
7820
7986
5100
8452
7232
11743
11209
12205
6765
8748
5503
9396
10153
6873
8763
5911
8880
7381
3585
10584
7862
4589
4693
5649
10127
7451
10757
6007
10259
9239
4232
10805
5703
4608
5324
9617
7437
10170
5465
6361
5235
9844
6982
8967
7171
6393
5021
4431
5427
5875
6624
10337
6403
7299
8721
7320
3442
8828
5974
12279
7855
3323
9272
7975
9441
3789
3960
11060
7488
8501
8891
7900
11511
11995
5754
8335
6544
7534
6536
4460
3561
6270
9907
7612
7298
6399
10723
9254
3052
12126
11394
9002
9600
6657
4989
4411
4850
7426
10530
11393
11303
8962
5018
5947
3827
10461
11474
8844
7185
8247
5362
6621
3841
7472
10617
10836
4811
9845
9766
12110
3844
10356
7936
6527
6152
5148
4337
3818
12060
10397
4084
5773
6384
5363
9269
4218
11661
6356
8961
4813
8206
6423
9596
5299
5892
8416
9972
9216
8123
3726
7252
5189
10861
3301
5467
10728
11348
7445
8509
4159
11990
10580
5970
6607
4456
7651
6574
6995
7718
5097
8251
4362
4931
11672
9150
4032
6231
4334
9011
12068
4974
10298
9019
10964
4354
3571
5867
12020
6385
7985
8036
11945
6355
5057
7228
11510
3439
5971
11940
8230
6710
4471
12109
7700
7032
7741
4940
5886
10832
8953
8129
6619
8893
4072
6671
11732
6071
8466
6577
8192
9462
5897
11166
4414
12144
10917
9234
9076
7009
9612
3577
3182
5590
5864
7176
10724
6237
12185
9953
10505
7722
6416
9515
3598
4338
7180
6394
11671
6236
5775
6785
5130
10404
3066
7957
7693
6968
10825
10241
9873
12230
11432
6014
7210
6670
4915
11695
4358
7030
3662
8085
5915
10118
10039
9380
4883
5358
5568
7856
7638
10297
12071
3437
5376
8564
7438
3068
9276
8756
12152
8306
6075
3195
12094
5297
3325
7899
11168
8472
7249
8215
7832
3955
10042
9151
6974
8978
3332
9728
5230
9788
8244
3820
9717
4860
7707
7022
5463
5887
9141
12240
9087
8758
8438
8436
5744
5515
6240
4675
7897
9742
6848
6263
4155
6279
8064
12202
8235
4353
7875
11911
6165
7920
11878
3836
6622
5402
4968
7620
8113
3567
8103
5736
7818
6230
6812
6942
5497
5266
12245
10959
10581
6766
9124
12127
12256
9512
3434
5361
9213
6874
3574
9334
6939
2946
9658
11620
5565
6191
8488
7736
9255
9005
7927
4335
12139
10359
8453
4937
5767
5186
7360
6277
10285
6998
12175
7154
6633
4881
8595
7263
3581
11214
9751
8076
10175
3648
8210
8959
8894
7573
5783
4748
6104
4735
5841
5760
9999
3977
10618
6652
3862
10837
6404
10250
10023
8626
3461
8848
7951
11748
7685
5713
10401
8762
7010
12272
3575
5450
6447
3428
11306
3177
12088
10756
4221
7087
4593
6392
5758
4233
10407
4097
6637
10521
11823
6011
5205
5110
8460
9719
6232
7323
8380
10725
10210
7544
7296
8879
9405
8111
10357
5403
7597
12217
4470
8218
10599
9863
11694
3830
5125
8634
6316
5522
5695
9597
3597
4884
5011
5621
12236
7415
9140
9212
7535
3324
9786
9726
9722
8291
11829
3833
4982
3464
8629
11984
12282
9780
8239
6032
6983
9095
6647
4858
8320
4437
7767
11870
4625
7412
8599
7259
11162
10526
9021
6193
11475
6077
5588
3695
4870
8053
12023
12158
3661
6397
11859
3440
10518
5019
11692
9957
6038
7031
4500
10125
9139
6798
8332
11827
8420
6713
6654
12221
8346
6259
6160
9785
4463
3700
5009
8725
12208
4657
7253
4620
6641
5137
11818
12235
6681
8209
8212
11965
6100
11702
2917
3589
8028
10026
9143
8765
6521
7494
8067
4586
5888
12022
9905
11884
10616
4730
9510
12003
4206
11909
9715
10696
6017
10029
11473
4733
7364
5327
10084
8969
4094
7511
7345
11740
10715
9590
8761
4284
5489
4592
11472
5357
11019
12138
8693
8035
12283
10255
11889
4743
12140
9444
5067
9110
3049
8929
8463
5761
4978
5017
10165
8321
6701
3788
11470
5250
7533
6003
6508
3636
6482
12269
9875
7382
6709
3969
12115
9348
4566
10086
10157
9085
6978
5062
6406
3970
11756
7801
12145
8292
11892
12062
6725
3813
4851
11745
6554
5233
10019
3339
6396
6283
8061
11589
5777
6321
4803
7175
7286
12097
12033
11343
9468
7683
7768
9097
8971
9725
8461
11804
7919
8080
12038
10296
10282
4807
5141
9985
11805
3453
5077
6201
6936
5452
5994
9646
6918
12019
7160
4616
3199
7567
5756
11801
7860
10105
5682
6286
9443
7452
11667
6167
7493
7611
5388
9622
6977
9088
10841
7444
7622
12278
6543
7640
10233
11252
9858
5529
8256
5442
5487
7852
9221
8638
11580
6912
3708
7778
8996
12083
11861
3591
4301
4785
6156
8049
7344
9654
10132
3197
11724
9353
3313
9472
8559
6844
9716
6330
6460
4328
12006
7120
6516
8641
6148
3943
7869
8164
11917
8005
11789
6109
6831
3303
8211
7637
7190
3559
10272
7265
5499
12150
7303
6107
9013
9215
11674
10229
6625
10911
12036
9009
11696
7361
6016
5060
5692
4045
4488
9528
7069
3916
9346
8995
11505
9025
10025
6063
9060
4098
6018
7392
5016
10838
8003
10370
3954
12008
3834
4695
6937
6522
5143
7598
8130
8887
8760
8462
9714
8690
3941
9238
8034
5910
8568
7319
9003
11904
10278
6297
4737
7047
6578
11929
11761
12163
8237
5652
5059
5998
9260
9618
10116
7749
9473
3450
11905
2943
7058
3071
3335
10284
9727
12132
6675
9857
11812
9399
11512
5237
3330
5520
5871
9317
7236
2929
6525
7690
7859
6382
7795
4174
6789
12077
6906
6079
11794
4489
8508
5190
8031
8573
10939
3716
3843
5890
4815
9519
6318
7829
11258
9397
12013
12149
9740
7481
12246
8443
8877
10083
4921
8588
4756
10117
6620
12090
8201
6660
7177
3448
6004
3953
8448
11813
8578
7921
10598
10254
5725
7648
7554
12192
10085
6400
5480
8364
12247
6893
9855
7264
11751
12159
9847
8873
4078
7033
11987
11846
9750
3044
6098
6966
5944
9109
7807
10504
9210
7522
11902
4203
11691
6902
4457
8198
10400
5708
5386
9619
5908
12188
6448
4716
9344
4502
12102
8579
12243
7561
3067
9398
11627
3821
5404
11543
5628
5199
8077
9190
6258
9482
4892
5938
6542
7449
4476
6592
9102
4091
7409
4289
7898
10231
11729
10364
8117
9074
6777
8434
5531
8091
6197
5136
7491
12277
6845
8968
7434
12031
5614
9573
10162
5872
6850
9700
11847
7285
3719
7636
8697
11952
11307
6920
5246
8718
3605
3579
7024
6252
4970
7847
10237
4736
3063
6445
12262
8119
11862
10604
10103
3206
7942
5913
7993
3972
6800
10602
8108
6489
6010
12095
10161
3712
5050
11722
6855
8050
7007
7559
4710
4234
5051
6282
11624
8889
3058
9384
8197
9146
10277
6512
4993
8842
7446
7557
12098
5192
6320
9536
6997
9147
7646
4852
12106
9214
6853
9738
8367
5851
4950
4734
5716
9908
6747
4336
7794
6293
5370
8874
5686
5941
7926
11392
4117
12209
5584
10017
10753
8161
9130
10603
9718
9379
4550
6523
5198
5968
6417
6457
10159
9059
7213
6323
7436
7168
11865
6711
4210
5238
5120
6278
8956
9572
11039
5647
9747
11814
12166
2934
9135
8833
7230
5764
6973
11973
7440
6797
5586
8769
11944
4600
6972
10295
10645
6227
12265
12165
5065
8767
5369
8159
7275
7824
9778
6955
6890
3835
8561
11591
3971
8878
10156
10528
9329
8981
10396
8430
6407
7441
5325
5823
5121
12034
9361
8415
8876
12198
11302
3822
5147
9895
11673
5194
11550
9745
4751
10942
5895
5902
6908
5007
8337
8586
6459
5676
9866
5712
10641
9219
3974
8469
7005
6464
4684
5117
7704
9383
10299
8618
8585
7934
4874
8699
7046
3306
6021
9258
3203
5594
5300
6753
9606
9828
5355
7447
7609
5878
8318
7510
9081
7963
4804
10122
11790
6413
9083
4670
5521
7571
5513
6261
8546
12032
8948
8589
6122
7956
6203
12154
6898
7596
7671
8190
6815
10693
9655
7669
10024
8289
5939
4090
7496
9224
7358
4418
8310
11065
8830
12224
10276
9252
9362
5509
10854
5615
11426
11587
5421
10228
5514
8204
12168
7558
6613
4823
4949
5690
6979
4081
12218
3991
9514
5691
9649
8459
8160
7739
4230
5272
9273
11158
7216
9656
8173
4360
4479
5066
3687
5058
10866
6202
9356
3444
7806
10748
11960
12177
12181
5275
3205
9236
10943
7222
9776
7701
4299
3470
12238
8132
10732
9662
7602
4080
4044
12201
7924
6462
7809
6775
8442
4345
10212
10808
9899
7085
9393
9976
10243
8591
10273
3061
11932
11628
4346
9138
6290
4875
7946
8456
8083
8124
8026
7057
9312
5256
11251
9779
8378
9010
5072
6910
12118
11922
5618
5481
9079
5081
12129
5898
10485
8571
7356
8315
5547
9484
9616
9641
6112
11964
9440
6790
10718
12085
12160
10033
7791
4933
5684
11817
3331
8505
12116
10123
7723
4890
6509
5504
3310
3187
9470
8213
4430
6915
5721
9608
9777
3329
6519
4484
7161
7925
5064
5426
10486
10519
11663
5458
7570
4731
9769
6066
3391
7619
7796
4603
11754
4718
5112
8750
11339
8827
9860
7103
8106
7134
6128
9261
7217
9359
11887
8882
4806
12039
10275
11507
7302
8886
6786
2942
11825
8955
11747
4990
6102
6124
12284
8068
9387
7808
9318
5274
12155
9093
10960
11972
12121
6453
12001
3311
5508
8435
11619
5276
11955
6907
6424
7407
7639
10040
8153
8046
4872
5104
10377
7425
8157
6324
3062
8673
3962
7980
7095
7021
7029
7112
3907
5696
6538
11981
9901
7050
6192
9092
8345
9535
3717
7943
3462
8504
7060
6957
12171
10936
6940
5247
9982
10747
10245
3191
4598
3509
8708
11117
12207
11213
6904
9607
7513
8558
8820
9987
8493
4357
4564
5657
7416
7650
8503
6386
9909
7181
7621
4752
12130
5236
9598
9736
9257
4468
12274
12195
6497
12216
4610
7394
7043
6610
11921
11021
7982
7422
5405
8852
12187
12244
6480
10375
12040
10480
3300
12228
9697
11968
12103
12214
10035
7359
3706
5277
3051
4865
3447
4408
7428
9483
8632
11850
6870
10242
3831
7431
11515
7291
4356
3966
9352
5740
6069
7423
6958
6807
9313
8624
11939
5556
6659
9784
4303
4941
9394
4339
9651
7003
7020
12021
6328
11753
4626
11699
8715
5596
7348
8217
10938
9253
5699
6900
5124
10497
11424
6984
3429
9729
2922
5273
11045
8950
5524
7937
12026
7442
8500
3380
6168
9200
5440
6808
6070
3050
7666
11586
8207
6913
9458
11389
10251
9661
9446
7041
5981
5451
4679
8118
2938
8195
4222
4757
4740
11164
3451
8757
9230
10809
5381
6656
6784
6716
12054
7157
7866
6584
5739
8331
11866
4888
7239
6076
7283
4692
5259
6994
9202
5592
7991
5201
3467
5003
4601
11908
5914
9184
9906
3136
9129
7576
4095
5842
6648
11664
10149
11299
6359
5118
5375
4331
8850
5255
7531
7742
6856
8695
7873
4951
4839
4582
4609
12048
9017
7006
9974
10341
12016
7953
10612
6653
8977
11978
8048
10034
2937
5013
6062
6015
10827
4202
7556
5171
8002
11971
10244
3183
7895
6481
7735
11958
8329
12120
10045
10523
3445
3777
3193
6061
11161
8583
6039
3333
6035
9023
12232
4913
8622
3917
11869
5870
7018
12057
9900
8548
12024
8054
3224
8176
9278
3958
10154
4172
12108
9480
7214
7846
4595
6037
6611
10236
11466
8832
5101
7316
7035
5610
3573
8966
7865
7996
9910
9723
6923
10758
10371
7961
12137
9018
11040
11425
9408
8231
12196
11785
5578
8513
7340
7027
9721
11555
11687
7349
11950
9078
4886
9854
8205
4840
7853
7471
11476
8946
11787
11927
8114
7305
12028
7097
11070
7903
12219
9206
8179
6357
7432
8464
7067
8102
4943
6000
6332
4329
7482
10174
3649
4082
3309
8744
5134
6002
8070
8933
8156
9349
5368
11508
9336
5502
6149
8056
9825
4952
9469
9509
11967
7947
6541
9477
10962
10606
4983
10232
5563
4554
9516
4501
6458
6530
4997
2923
9748
12030
6580
11623
7450
6005
8576
8233
4981
9848
4350
4816
9367
11592
4429
6364
4327
7790
9073
6383
9125
7566
2940
2948
10001
5106
7543
4347
6679
9357
3223
9701
6524
9984
7876
7194
7572
11994
9640
12025
11860
9663
4033
4214
10499
4092
5883
9731
8126
9644
12234
8637
11477
8855
9338
6291
8563
8249
8187
6712
3685
10288
3351
3988
4533
9259
8073
7368
6846
7128
7688
7748
7684
12080
7304
7367
12092
12089
9724
2933
7099
5582
4614
5677
3583
6683
5226
9993
7734
11819
3566
2935
5819
6412
5464
10173
4197
4474
8384
3190
7998
12251
4720
4116
7901
11998
12200
12252
6296
8544
7061
3459
11855
9971
7289
4688
5579
6796
5975
3944
6863
8328
9240
5395
7170
5995
6159
8944
10583
6395
9653
4606
5195
4093
8250
8692
7724
10087
4481
6614
8281
10484
6839
4280
3690
7023
9267
9569
5969
4555
10380
8590
9275
6772
6463
10028
7983
11858
8208
8753
9445
7008
6490
5787
9012
9605
7773
9997
7044
6720
6378
7093
11824
11686
5772
10133
4087
9765
11165
8698
6618
5884
11868
5424
9897
7508
9830
5457
7737
10826
6368
7159
5330
6783
12281
10865
9104
6366
3557
4621
6494
3989
10366
9770
9347
9892
7131
7182
6426
3350
6925
11422
6505
5881
9517
4198
12029
9077
10158
8674
5446
6799
3430
12000
9877
8512
4079
5333
6674
4034
4333
7515
6028
7411
10806
10915
8370
3711
8248
9099
9986
12241
10578
5111
8325
9604
9508
5365
5298
9591
6495
5138
4602
3992
8060
9639
11676
5983
11666
9696
4415
11797
5351
8045
7108
10935
9603
11654
11848
12172
7694
6411
11061
4219
8623
10382
7954
4325
8365
5010
7166
3327
12082
7025
5850
6545
10963
7383
7295
10102
12157
6673
6121
7726
7777
5132
11906
6043
3959
6024
5382
7257
8497
7390
9913
6267
8722
5934
6841
4749
9461
7563
7740
4975
6078
5315
9007
10166
5495
8312
4454
7659
3265
8639
5441
11390
10381
3054
5709
5632
11434
6390
11588
5387
5784
10719
10749
5552
11979
10373
9136
5572
6971
9131
8751
5200
7728
12114
3832
7248
6897
8450
4987
7984
11928
9648
5879
7414
12053
3045
5229
12270
6510
10249
5952
8979
8242
6583
12035
7614
7555
3455
11864
4824
7404
7732
7111
9476
4744
5008
11300
5267
5616
6487
9652
6664
3904
8640
6234
7858
7314
10378
11974
4472
12226
5746
9360
5506
5575
12052
10863
8202
10579
11799
9105
7989
12011
9872
11554
4717
7952
8162
10490
5559
9279
7769
9270
5786
10130
8596
7606
4863
6380
5359
4277
6531
8601
5014
10374
10495
10496
5901
7708
11430
6767
6834
5681
10004
8580
5418
10501
4882
10405
5307
3477
5453
10462
9996
3478
10635
10961
6354
5248
8689
3460
7540
11157
3454
3976
7489
5461
5389
4619
11514
11926
3698
5646
9868
7803
6718
11750
11763
8824
8074
6788
12075
6643
5694
3315
4722
11208
11930
6737
11546
10022
7828
8419
8317
8490
5717
9086
5392
7703
6833
10383
11216
7417
5429
7541
3436
11585
4802
6813
4967
4946
6589
6363
9513
7297
8305
9406
9404
7355
11022
10828
5945
5943
4953
5383
10020
11924
4227
7410
9058
12164
12253
4200
5774
5812
12254
4979
7059
6961
8804
9220
9456
6190
6703
5755
7091
3560
11652
6905
6608
3189
11949
8973
9620
4461
4877
10247
9587
8770
12156
5448
8455
10005
7706
3522
7366
8754
8515
10464
10252
6111
8417
6749
12266
8727
8930
7234
9611
7948
6408
6914
9463
4587
8883
10730
4204
4864
10168
7084
5768
6065
7746
6198
9570
6141
6108
7675
8066
7676
8047
7810
7092
5337
5494
6256
8672
5240
5208
9204
11963
7644
6916
9660
8719
12117
5643
9621
10238
9330
8116
8932
4849
7645
11062
3457
6748
6353
9237
12147
3604
12143
9478
6073
6700
2931
5738
8818
4847
8376
8620
5098
9593
5001
9960
8240
7995
6105
3563
4838
9264
3963
7196
7056
4985
6851
10971
7277
11590
4407
11113
4162
3392
3076
7284
8951
8323
7940
7419
6023
6139
11346
5815
6520
4694
9149
5700
5139
5231
8059
10283
8587
11304
11791
9735
5073
8245
8075
12206
9698
5242
5839
11259
9103
7999
12087
10699
8324
3586
4880
7054
10525
3956
8720
6666
8928
6194
4363
6515
7743
11942
9862
5115
6292
11250
5390
10731
4939
6959
3572
9061
8710
7169
7307
8511
6829
12263
9657
4102
7287
6640
7094
3688
4853
8691
6926
9991
7827
5659
11966
9878
7641
5270
7219
5335
11469
11347
4085
8163
8582
10006
7122
11690
5719
8723
6362
4634
12119
5316
7643
8826
11388
4302
5710
9465
5852
2947
5372
10260
6895
4936
7568
5651
7380
10619
7812
11656
4618
4088
9229
5876
10722
9489
6868
3646
5379
7662
5068
7045
4083
11423
4683
5723
5745
11121
6795
6369
7849
7977
10286
9511
8766
5824
9096
3458
10615
9232
3812
11832
5505
8499
4487
4161
3592
10720
4216
6025
3435
8257
5951
3845
8498
4046
5516
10120
7052
5493
3060
7766
11478
11890
10279
8152
5191
7509
10239
3733
3304
7001
7797
7429
8495
7595
5528
8896
4417
4891
12227
9869
4879
4845
6722
8700
4658
3317
6533
9490
10128
6153
5326
5946
12046
8815
10483
11798
7733
5747
6835
9595
3576
9995
5648
6099
11741
4676
3456
9615
6992
5449
3438
4584
7049
7490
8293
8063
8368
8970
5585
10246
6649
11465
5905
9314
6123
3314
9506
7553
5377
4475
3709
11854
9981
4482
3179
12133
6233
3816
6275
8379
7288
6280
12056
5483
7280
5560
12213
11970
5490
6869
3520
6030
12183
5751
4199
6962
7156
4459
11938
8326
9089
7036
10727
9107
9772
5589
5687
11996
7721
9730
6746
9775
3173
4213
6774
7730
8975
9975
6728
11698
6164
5715
7532
7805
7938
4994
5352
12069
6138
8619
9744
3715
4969
4341
11912
4224
11725
9385
4342
10344
6965
11948
7804
6288
4209
7086
6157
9256
5105
10479
8714
5385
8030
11857
10467
7647
7997
7668
6266
8976
7198
6806
10408
12153
3431
7341
6723
6864
7931
7135
3322
4594
6877
6872
6668
5314
10030
4349
6454
8023
10126
7173
5617
10613
8375
7918
3945
5069
6029
12220
7477
3266
6013
6590
5612
9464
6975
5748
11913
8473
4753
12063
5179
5639
8506
7932
12231
4759
8360
3348
5434
12260
4871
6450
3446
11746
4175
5779
9954
9782
5445
3825
9457
11262
3065
7387
9262
8717
3184
10864
6033
8635
7747
12111
7137
7826
6284
8581
5102
9994
7250
6513
10209
10860
5428
4889
7467
8703
7575
6754
7518
9746
12047
6616
6736
11999
10831
5354
10409
7318
8675
10714
8835
8688
6776
3607
12037
5658
6931
9599
3174
11669
5078
7988
11069
5641
10610
7256
3691
8445
10113
6581
5203
4747
6264
10636
5654
9137
12084
6866
10104
12051
3838
10698
6639
9664
7877
7427
6704
10145
5992
9000
10368
4458
12268
12012
8429
3221
9610
5020
5331
7789
4298
8314
6129
6492
7822
10106
9861
5785
5338
9774
6461
5976
8982
6389
8802
3077
4492
5554
7101
6763
3194
6678
9992
11910
9493
4844
9585
3078
8259
4201
11883
7062
6295
5042
11872
8194
11020
11731
7930
8881
7615
3905
4995
6721
6367
8186
7738
7133
6706
4173
5843
4932
6891
3815
7601
3918
5462
3064
10302
9386
8191
9474
5076
6133
8507
7187
7261
9902
8560
4628
10940
6803
6854
7102
5128
4629
8565
4244
7906
3172
7565
12065
11679
10835
8825
11657
6879
12194
7343
8592
6493
8082
5889
5532
7992
8290
3696
12100
6793
6781
12174
5701
5374
6486
9350
8303
7512
5006
4104
9917
3701
7548
7405
12180
9381
6405
3975
3727
9126
10280
7028
3842
10482
6676
12128
7705
10027
8711
4685
12199
7109
3713
8199
10856
7581
3819
4160
6771
10111
10839
9592
8707
5202
6537
3057
6496
5074
9846
6488
6409
3326
4473
10807
7136
11344
8817
7833
5899
8805
5507
5942
7110
8964
11988
9365
5239
10638
7365
12067
5638
11471
6871
7663
7391
8492
8471
9080
8474
9832
9271
6327
5714
11726
7483
9571
5391
8087
10729
6254
3814
6322
6582
4096
4225
6572
11626
8032
6097
4211
4115
5869
4869
12076
8598
7774
8185
8636
6120
11257
10082
12070
7468
5635
5553
8494
6151
10365
5466
10110
12045
9904
5950
5865
11760
6137
3074
9382
7922
6006
7317
10336
6529
4235
10406
8189
8822
8980
5207
9363
9185
5308
8884
9228
8562
9481
7470
9916
5848
9602
7279
9475
9850
11845
8131
10524
8594
6226
3222
10339
8706
5257
7904
5873
5704
3990
6257
6782
10240
6360
12122
7674
9699
8705
6780
11962
7064
12276
6938
7680
7311
9358
9056
3580
4591
7223
9331
8724
9366
11118
7811
5512
7186
4805
6208
6919
7096
10697
10124
7569
5724
11764
9959
9186
9988
9223
3463
6333
6667
7237
7163
5846
11989
4809
11788
11957
3957
12134
8025
8502
11689
5210
3839
5608
9588
5265
3433
6745
11167
8110
4583
9739
11120
6810
8572
12004
9865
11975
5258
3047
9112
6587
11350
4712
8701
8058
6163
12066
8180
8831
11882
9343
